$ANSIBLE_VAULT;1.1;AES256
32393937623636303138393130376132316434313463383765386333616534396665633037653361
3663633736363035363938386538333664326232386264360a376166663762313763346164353730
31393431336539316232346537306436373537393837396161313037383536306137663336303364
3630623764323662330a376364633732393037623933613064323837653638323934616133303764
38623261346332636236636137646433633866613663613862383361666530353231663065643065
65316161343038356365333564353634363163386635666262346136663230636265613732303936
62663463306238313566376530323635313261346532656562653430663165366332623130356263
32666339633634613232306262316436613732353533393135366661353630343437663961396262
36333664326634336636373566383837383731613862613637373834303464363837383361363438
36656163343166656437666637633264376264623866393034346565636261646361323164326631
65363064623264326137326664373961623861393139313363396262346136333138326263306166
39313665613365353166383635303263323638313231613630363739633265383264316236303037
33333534373237616335356362653438373365383934653538396162353661353862316264663030
62326335386663373962656330366630646137326666646532643934653264343435633937393161
36386539396635303330613962396161393063363530323939383838316434646466386334663038
30366636623031373438326530663863306239353936313466383264343538636639313134616330
32343864363536346435323239643233383738306231363031626132623231396561633364646332
61376136616663626266656337316131663164383135613136656438343239363064323031663361
61383562363162336431636262326131633231336134613934386631663062383831366565303265
32373634613236323865316234623935323962306161653233383066356537356331303037343262
62303733386432376237346131623265333138386561653162393965373530353135333838366236
33333639323435346330393031313937623234663234396530323934386534373133663565363030
30376334373634646166613231383964626635346234313937656163363562363331353462323463
37363365333262626435303537303039333137643661333731333032303034663762653330343337
32373532636139666565633732356262623639303966643437613437373936643532373035343630
37396165633630393166306235626535643235616636636537313831653038336161623030653630
36643865633735313162636636356635633063653330636662326238376462656537363234343430
61346636663234306433346363633263343736643230373333353233303862336239643635663834
35633862393430643063326161653062383535313835633632363935393038663239656362343864
61626235323033616637366261646534386438643961333064363663323931386233306231613730
66616164373437643031333834366337643361643764653138303135653230333439616231633432
63656230396538633966633235643633366362626364333065653566313134383432626438653561
31633831336436353864633164383936396364623937666363306263383761363636643039313033
61653731653534306132336533383861303764353163306131396133333537363935343437366234
62356236353935653835313132663764663538353336613532383834366536336431613766303037
39623333663666633430623235666434313937303365383838333866373065653135636265313537
65336235356533633232363632396534376262623231333265303537396564636239323365343164
65353439383363373265613063653534323535623934643834313339373563343935343161356537
39376633643335346535373261656561633635663564313531643866326339613438633733356633
36643632613133636238373866366335366538656366306233313531313764373837383134613939
63646461636333636165373036653830356336313733366230633532336433353732333539313830
37613234383065376630313039323730633731373763323435356330366230613330633366303532
63646538626639316365316466363037386334363337353863633835363832666536323237643737
31356130326465316537653236336134366334323162616133373133303465363733623962313234
36303832333730356436646166663266646364376364636232386233396233353134363931336431
61623463616263366636313066363165333430356266666239643366626162633733363830633063
36316636363934323436343934623331646433383433303337353534363764613836633532343562
61663831646535613561316235383962353831663831326538333861626661626561333539303934
66336233363931633739626133626239323534383263333666346331666463633133653663343761
34393835653531633364643637663033303635613664346262313237613366343065643337366661
35393762666332323362653364356361653335366566636463366235633437313239316634386439
32633163376333613639396539303437333537356263646133626163343836303832353739313230
35386564353464393836313537646561346161646233323161343065366230346162613733366532
35363563306430646637306432343761373638653962666164626530393938636664623934393630
31373566326238633231656330346535633661633735633836316438306163323639353532643266
30636563376535393838646663383730303565343731343563316339613864346435383063313266
65306461666431313063303838623738373364333432313233393031333832376132376530343232
34626362373035656431373731616564653463626136343736346461633239393565383435623030
39323565323861393631663564373336373764636632633265393739343236663330346366663265
37353531653336386261336536363830613435656436323436383634393564656436643535663161
62663662363963613330663133333763396139646633633934633636623237373134346363366362
61306562336531623934343830363861633734613333376262393637383332333564336532333364
61303139616639343133663231393532656365306538666262343663336133356633633233313337
65613964636537356264323265643734333134313535396132396634653063396163653236356432
33383535326364333030336364393637653866653638393236393634383263613735663064653630
31663861633539343763613636336331396531666532356363346230396432326235663964383561
37653366373961663334636264386239393063383339343134383135383438323564663739653261
34633837313930326462616665383366363263316431373066343133366662353832356239663330
63646530646339646462393933386261393839333537346162666230333936643439353265343365
37663636353136316564363138623337663038363463323435306465633136363461326537376138
39353635373736626137373561336437613066633836356436353435386662356662323563633461
38396633356535653331313938343066663031343733626433646264633361323034313539363166
33316361633066383134626365623538343737353962616162656364333035653165386332316461
30366238616330646435366561313962303765353034333637616366313562333164363633663261
30326131633764656363353038633832313332336435373864353232316136383733383937656261
64356237303131306234336239376134396435303766663337666263623533376530623462303235
33306439326338396332323234396539383736646462613234636333363036306134653633356661
66396539393063636539636333376633346430613639363762326530363236323362346438386232
37396432373766633839633230303638336637653863643661656437646462323064626366303339
35626330396632636434373664363235646135303838356563643964336336643661373634653935
31633065646532626465663935383463323566336233666434663262663264643639383530643761
33363664646132303164353263313030393863386538386433653762373363623434383166393239
35386534326236623862356263643866653261306234663030633839366636636461313830356435
66626635343531643862366639383736386234333261653564346531343431346464656165633034
39646331643338336635623865333462386139396437313031613465396130636131663339343530
32386534323637336339356130353636393833663339626562306639333865316139643661303337
35663430313234313464353731386464333930373732626162656636613264643263346539643366
39623064643235373234316466663639336261646437316434623563383734373565353163333933
65333132346137393366386564356134373130613639316234353962376262353235653631643835
35396664373737353161333662396564323630366561353636323364633430366632373430643834
66326666666531326662626333343136316434333430666361656561373330373038376633633031
66663562356465346332333336653765343262626233356230363930373034613931363534353363
66633333333532376661633637623661333434663162666464343365653361393237336230306632
32383231366364653333376631386438326137303634356131303765626534613261333163363764
62633536306432626339623631663537383437323731303139613735336139613637633464633361
33626163386637383433643132623839636263656630656461346238346235313634383730656533
62663837396362373362373864346431363738373038666233336138623064363437636532393135
64393865366339353330313963396663383733626234636635323932303636346464613134383936
37303262306238376663646339616634646165616131613137613631633365326538326362613237
31353066336333373539313732396230353466396333616430343737343531613162326665356437
36653636326631323263623632306331623963396636613863306230363463646530386666646535
37303732323665616163303331373939386636316139333762393934383963653438346364616666
61626530356339656133353764303635656137373462323565623266626661646235393432346232
37346436633137633038653036326261666632323163333731653361366133373731643235323730
31653431396637343965396332386233636236306136323662623066306561633339613262383861
62356334333062656464663630613362616266646131343031623338316536636439366265633534
33633132616537643833613262373439376439393737383638383236646461633661653435653638
34636462303234353531623132386663643861316238303034313733343063363661373666323835
61646463306539646164333038316131643962346631363861393064613732633262643337653934
36343335623662323135643034343433316461353665323839656539396133393437343236656435
63633066626538626162666232663464303131303766643837356666666336383232626532656431
37333131313561643034383362383238346335656639393734336561363761353362643530393664
33643435623330663531333332633462363464303235313235623435363135326362656530313463
34383364336664343838363237366536343363393036303239386432363936386362343134613761
34333865353763636330383937383031616330623636396331333534303637333633373836663534
30373730353738646434633336613933643431316338633163353130666263613930306636326266
38623736386637366238643934353931343364643035613032363238346166373830393266353034
63343266616261323933333762343932623833316539643634636461313038363831363966396263
36386662383132316162333061306137346336326638313030616333306332323965376130386138
38306330313737363633303230373833313564363164366565383531303537333632396661633336
63613732666361316330383836613338656535323532306436656461646264353663306133306363
36383963323330313331383065353330616530396136336538373163373065653730363765623565
61303139386639383836323061663631373932353965356236313165613935313864303031616631
34616330626631623866303239373233633734396165356639613434393432633062626661373563
31313235313065333765313163643561383534633164366135313431323165643263633064643031
66383963626635613665396635656531396463303463323534303337363333393532336435656535
63363933646462633462316666393432393834353663393830333165636465313731346532306538
37313134323230663339306464636236303663313436633736653932663535336333653461643666
61396466366364336461313765376536663237636437323738653730653634663939646633626231
30356663363733353864353430336630366261343165356366656463643630313035313966363835
61353234613533646263663737643535626161333263363739646633343831306633616466383764
65306133313830663934333539633762306366396465663532393763313232303561346131313262
66333130326262626666306338303134613235393533356161626438336566336333386262376235
61313136383864663863623862323064346362363236663761363635393532363762316337396536
65313962353366613463303061303131323536656663323636373462656631623231306165356163
38313265333865333138396565306335363936613533383032393538386564303063373833316561
39623165303462663364666434373833646639646230343137663765323066663363613563646434
6630313961323539363536643033373061336235663731653539
